5127
4416	4418	16
4324	4326	1
4324	4327	1
2708	2705	10
2652	2653	1
2464	2465	14
2464	2466	1
1725	14	20
1725	100	21
1648	14	20
1648	100	23
1648	1649	5
1593	112	23
1517	13	19
1517	112	23
1517	1520	16
1108	1109	10
1108	1110	4
921	13	19
921	923	14
326	328	10
3253	3254	16
902	25	19
2550	2551	5
1975	1976	6
667	668	3
1254	14	20
1254	86	19
1254	1255	4
950	952	10
3848	3849	1
2640	2641	1
2640	2642	1
2640	2643	1
2640	2644	1
651	652	14
269	270	16
269	271	16
269	272	16
163	164	16
163	165	16
163	166	16
163	167	16
3817	3820	15
3817	3821	13
3751	3752	14
3751	3753	6
3642	3643	16
3642	3644	16
3430	3431	5
3347	3349	16
2832	2833	14
2545	2546	16
2534	2535	14
2534	2536	1
2305	2304	1
2194	2195	6
2194	2196	6
1762	1763	14
1762	1764	1
1366	112	22
1361	90	20
1152	1153	5
770	772	12
750	751	14
750	752	16
652	653	16
582	583	5
418	419	16
155	80	19
155	156	16
155	157	16
155	158	16
155	159	16
2535	2536	16
1696	13	20
1696	1697	6
224	90	19
224	112	23
224	228	16
853	94	19
1495	112	23
1495	1497	4
2778	2779	1
2778	2781	1
2778	2782	1
3417	3418	16
2495	2496	15
1173	1176	10
2710	2711	16
3419	3422	5
3419	3423	1
3146	3147	14
3146	3148	13
4239	4241	13
4124	4121	3
3858	3859	10
3858	3860	14
3843	3844	14
3843	3845	14
3843	3846	14
3839	3840	14
3822	3823	1
3822	3824	1
3822	3825	1
3822	3826	10
3432	3433	14
3432	3434	1
2913	2914	10
2913	2915	5
2913	2916	4
2844	2845	1
2844	2846	4
2844	2847	5
2566	2567	14
2566	2568	5
1291	73	19
1291	102	23
1291	112	22
1291	1292	16
1291	1294	16
1243	14	19
1243	102	23
1243	112	22
1243	1245	1
1243	1247	6
1210	112	23
743	744	5
743	745	0
743	746	10
743	747	9
690	686	1
690	687	1
690	688	1
688	689	1
554	551	0
554	552	0
554	553	0
541	538	3
541	542	4
314	315	1
239	0	17
239	240	16
119	7	27
119	69	27
10	115	29
3720	3722	1
3720	3723	14
4272	4273	10
4272	4274	13
4272	4275	1
2654	2655	1
2654	2656	1
2654	2657	1
2654	2658	1
3670	3671	5
1640	1641	16
1640	1642	16
1231	112	22
125	8	19
125	112	23
125	126	14
125	127	16
419	420	1
3030	3031	1
3030	3032	1
1558	1559	4
1558	1560	4
1558	1561	16
1904	1905	5
1904	1906	10
2009	2010	4
4445	4446	4
4445	4447	4
4273	4275	1
4167	4165	5
4167	4166	5
4167	4168	5
3902	3903	5
3793	3794	16
3793	3795	14
3406	3408	12
2952	2953	5
2518	2519	16
2518	2520	10
1830	102	23
1830	1831	14
1830	1832	14
1657	13	19
1320	102	23
1320	112	22
1320	1323	16
1107	1108	14
926	13	19
926	112	23
389	390	16
389	391	16
389	392	16
389	393	16
363	360	2
4336	4338	1
4336	4340	10
1474	14	20
1474	1475	14
406	407	16
1209	112	22
1209	1212	3
1764	14	20
1764	100	23
1669	14	20
3478	3479	16
1128	1131	5
1713	1716	5
3727	3728	16
2336	2337	4
2336	2338	4
2336	2339	4
3887	3888	16
3887	3889	13
16	16	26
1375	6	19
1375	112	23
3905	3907	5
4233	4234	16
4083	4084	16
3305	3306	16
3305	3307	13
1354	1355	10
1354	1356	14
4465	4466	14
3953	3954	5
3313	3310	9
3313	3311	9
3313	3312	9
3291	3292	6
3291	3293	6
2961	2962	16
2815	2816	16
2815	2817	16
2765	2766	14
2765	2767	9
2208	2207	3
2208	2209	3
2208	2210	3
2208	2211	3
1866	1865	0
1788	112	23
1788	1789	14
1708	112	23
1708	1709	1
1708	1710	16
1708	1711	16
1708	1712	16
1351	103	21
1281	14	19
1205	1206	5
1205	1207	14
1205	1208	5
1205	1209	14
907	908	16
782	783	14
762	763	10
744	745	0
744	746	4
675	676	4
536	537	16
274	275	14
1387	112	22
1387	1388	1
3470	3471	16
4298	4299	16
4298	4300	16
4298	4301	16
4298	4302	16
2663	2664	16
2663	2665	16
3834	3835	14
3834	3836	1
140	141	14
1248	6	19
1248	14	20
3787	3789	4
3787	3790	4
4476	4477	16
4287	4288	16
3665	3666	16
3363	3365	16
3296	3297	3
3226	3228	12
2711	2712	6
2711	2713	16
2696	2697	10
2696	2698	1
2696	2699	10
2485	2486	14
2485	2487	1
2485	2488	1
2485	2489	1
1516	8	19
1374	6	20
1374	22	19
1374	1376	5
1191	112	23
1191	1192	16
1191	1193	14
840	102	21
840	112	22
432	433	14
271	272	16
22	112	29
1071	1072	16
1059	1060	4
978	979	10
978	982	10
1936	1938	5
248	249	16
248	250	1
3976	3977	5
2931	2930	14
2931	2933	16
2744	2748	1
1093	3502	3
1093	3503	3
1093	3504	3
1093	3505	3
814	815	16
2873	2874	1
2873	2875	14
424	425	16
1198	8	19
1198	14	20
1198	112	23
1198	1199	16
1198	1200	1
1198	1201	1
1198	1202	1
4217	4218	16
4159	4161	1
3906	3908	5
3353	3354	16
2938	2939	14
2938	2940	14
2459	2460	16
2459	2461	1
2459	2462	1
2459	2463	1
2079	2080	11
1972	1973	3
1972	1974	3
1972	1975	3
1972	1976	3
1844	1845	1
1844	1846	1
1844	1847	1
1824	112	23
1656	13	19
1433	15	20
1433	22	19
1183	112	22
1183	1184	14
1062	1063	16
997	998	13
997	999	13
953	954	14
953	955	10
833	13	20
833	834	10
746	747	4
286	287	3
286	288	10
143	77	20
143	88	19
143	145	16
143	146	16
139	140	14
2677	2678	1
2677	2679	3
2773	2774	4
2773	2775	4
2600	2599	3
3645	3646	1
3645	3647	1
1711	1712	16
4304	4305	16
4304	4306	16
3893	3894	5
2816	2817	16
3469	3470	16
3469	3471	16
923	13	20
4419	4420	1
4419	4421	1
4419	4422	16
4419	4423	1
4325	4323	10
4225	4226	11
4098	4099	16
4098	4100	16
4032	4033	10
4005	4006	3
4005	4009	10
3868	3869	1
3868	3870	4
3868	3871	1
3868	3872	9
3782	3785	3
2632	2631	14
2632	2633	16
2432	2433	16
2396	2397	10
2260	2261	4
2082	2083	14
2082	2084	14
2082	2086	16
1705	112	22
1705	1707	6
1485	14	20
1485	112	22
1256	102	23
1256	112	22
1256	1257	16
1256	1258	5
1256	1260	10
835	32	19
835	112	22
835	836	1
695	696	16
695	697	16
695	698	16
695	699	16
637	638	16
191	66	19
191	192	14
3987	3988	16
3987	3989	12
3310	3311	3
3310	3314	13
129	90	20
129	112	23
129	130	14
129	131	15
4417	4418	16
807	806	14
2424	2425	16
3672	3675	16
1507	8	19
1507	112	22
1507	1509	16
180	181	1
1228	6	20
1228	8	19
1228	116	22
1228	1229	14
1228	1230	14
1228	1231	14
917	27	19
917	919	0
1462	13	20
1462	1464	1
1164	1165	1
4070	4071	1
4070	4073	5
3479	3480	14
3416	3417	14
2189	2190	16
2189	2191	16
2045	2046	1
2045	2047	1
1819	85	19
1819	1820	16
1819	1821	16
1819	1822	1
1397	14	20
1397	23	19
799	800	16
646	648	5
200	13	20
23	5	25
23	16	26
1858	1859	5
1550	81	20
3891	3892	14
3703	3704	10
401	402	16
401	403	1
3558	3559	16
3558	3561	1
4387	4388	16
4387	4389	16
2781	2782	10
4081	4082	16
4367	4368	4
4367	4369	4
1816	112	23
2363	2364	10
1912	1913	16
1912	1914	3
4334	4335	4
4301	4302	5
3148	3149	16
3148	3150	16
2707	2705	3
2449	2450	14
2280	2281	16
1896	1897	5
1896	1898	16
1384	6	20
1384	102	23
1384	112	22
1384	1385	16
1384	1388	5
1140	1142	14
1140	1143	6
942	943	16
873	871	4
873	874	6
663	664	14
475	476	14
475	477	14
475	478	14
394	395	16
261	262	1
261	263	1
261	264	1
261	265	10
4454	1177	3
333	334	1
3002	3001	3
1539	112	22
1255	14	20
148	149	16
3996	3999	4
2092	2093	16
2934	2935	16
2934	2937	13
2784	2785	12
3912	3913	13
3912	3914	6
3912	3916	6
4056	4057	13
3948	3950	6
3798	3799	15
3500	3501	5
3210	3211	16
3210	3212	10
3210	3213	10
3062	3063	3
3062	3064	16
2942	2943	16
2232	2233	14
2148	2149	1
1793	112	22
1793	1794	1
1022	1023	0
1005	1006	3
728	729	5
728	730	1
532	533	5
366	367	16
322	323	4
322	324	4
322	325	4
147	148	1
147	150	9
147	151	16
123	8	27
1946	1947	16
1946	1948	16
1181	112	23
1181	1182	10
2879	2876	13
2879	2877	13
2879	2878	13
605	606	16
823	94	20
823	112	23
823	824	16
1947	1948	16
1641	1642	16
3111	3112	14
3111	3113	13
3111	3114	16
3111	3115	13
3163	3164	1
2768	2769	3
2768	2770	16
3623	3624	5
1985	1986	12
2428	2429	5
879	25	20
879	90	19
879	880	16
3917	3918	1
3917	3919	4
3917	3920	4
3917	3921	10
3719	3720	14
3719	3721	16
3719	3723	14
3699	3700	3
3590	3591	6
2601	2602	3
2299	2300	4
1680	112	23
1680	1681	1
1478	13	20
1357	94	20
794	795	10
466	469	16
450	451	2
3786	3787	1
3786	3788	5
1926	1922	3
712	713	6
2741	2742	16
133	13	20
133	134	14
4319	4320	1
4040	4041	5
4040	4042	1
1818	1819	16
1818	1820	16
1818	1821	16
1818	1822	1
278	279	12
4430	4433	16
4430	4434	14
3368	3369	16
3368	3372	13
2405	2406	1
3864	3867	6
3611	3612	16
3611	3613	16
3611	3614	16
3611	3615	16
2824	2826	12
2291	2292	10
2227	2228	16
2155	2156	1
2155	2157	12
2137	2139	5
2006	2007	16
1958	1959	1
1883	1885	5
1758	112	23
1758	1759	14
1758	1760	14
1758	1761	14
1698	14	20
1342	112	22
1342	1343	1
1342	1344	16
1342	1345	16
1342	1346	10
649	650	16
529	530	10
373	374	4
373	375	4
373	376	4
373	377	4
2112	2113	16
3529	3530	16
3529	3531	16
3529	3532	16
3529	3533	15
1182	90	19
2284	2285	16
2284	2286	16
323	324	4
323	325	4
3451	3453	14
1296	12	20
1296	79	19
1296	111	23
1296	1297	1
1168	1169	13
1168	1170	13
1168	1171	10
4252	4253	16
4252	4254	16
4252	4255	16
4252	4256	16
1729	1730	4
1729	1731	4
4216	4217	14
2543	2544	14
3045	3046	1
2870	2871	6
1488	112	23
1488	1491	10
4259	4260	1
3357	3358	3
3357	3359	13
202	22	20
202	112	23
1743	1740	1
3217	3220	10
4309	4312	14
4153	4154	12
3920	3921	4
3796	3797	3
3507	3508	14
3488	3487	3
3454	3455	1
3454	3458	15
3135	3137	6
2820	2821	16
2820	2822	16
2607	2608	1
2607	2609	1
2607	2610	1
2607	2611	10
2593	2591	4
2401	2402	5
2378	2381	5
2114	2115	16
1817	6	20
1817	102	23
1817	112	22
1600	112	22
1600	1602	16
1456	8	20
1456	10	19
1456	108	23
1456	1459	10
1041	1042	1
696	697	16
696	698	16
696	699	16
839	102	21
839	840	4
672	673	3
672	674	14
4043	4044	1
2225	2226	16
2225	2227	16
2225	2228	15
4127	4129	1
4127	4130	14
1449	81	19
1449	112	22
893	95	19
893	894	14
893	895	14
893	896	14
893	897	14
318	319	1
1383	102	23
1383	112	22
3388	3389	14
1331	102	23
1331	1332	13
1331	1333	16
563	564	1
4092	4093	14
4092	4094	14
4092	4095	14
3940	3941	14
3814	3815	16
3814	3816	3
3771	3772	16
3743	3744	16
3655	3656	10
3445	3446	16
3445	3449	10
3143	3144	12
3143	3145	4
2769	2770	14
2754	2755	5
1588	1589	1
1588	1591	5
1391	1392	14
1232	69	20
1232	1233	16
1232	1234	4
1232	1235	4
1232	1236	4
1119	1120	6
897	95	19
867	94	19
852	850	8
852	853	14
283	284	5
266	268	16
212	35	19
3994	3995	1
1088	1086	3
1088	1087	3
1088	1089	3
611	615	14
2461	2462	5
2461	2463	5
2587	2588	4
2587	2589	4
677	679	1
677	680	13
677	681	1
4126	4130	15
916	103	23
889	95	19
1159	1160	14
3830	3831	16
1370	112	23
3429	3430	5
3429	3431	5
4412	4413	16
3854	3855	16
3854	3856	1
3854	3857	1
3706	3707	6
3571	3572	4
3571	3573	4
3571	3574	4
2892	2893	16
2473	2474	16
2473	2475	16
2190	2191	16
2101	2102	3
2025	2026	3
1880	1879	1
1581	1582	10
1463	13	20
1358	6	20
1358	105	23
1358	112	22
1358	1359	14
1137	1138	10
364	365	14
364	366	14
364	367	14
1237	8	20
1237	13	19
1237	112	22
2282	2283	1
2282	2284	1
2282	2285	1
2282	2286	1
241	118	22
241	242	16
3803	3804	14
2053	2054	16
2075	2076	5
1801	105	23
3978	3980	5
3809	3810	5
3809	3811	6
3713	3714	1
3371	3372	2
2910	2911	1
2910	2912	10
2240	2241	10
2021	2022	4
2021	2023	4
1979	1980	13
1979	1982	16
1979	1983	16
1924	1925	14
1886	1887	16
1886	1888	16
1886	1889	16
1886	1890	1
1503	1504	1
1379	1380	16
1379	1381	14
882	883	10
127	108	22
127	128	10
1458	94	20
2355	2356	16
2355	2357	5
3567	3568	4
3567	3569	4
1197	8	19
1197	14	20
1197	112	22
1197	1198	6
1197	1199	3
1644	112	23
1644	1645	14
4214	4215	16
3495	3496	16
4401	4402	16
3106	3107	12
3106	3108	16
2248	2249	16
3949	3950	6
1208	14	20
1208	1209	16
1208	1210	1
1208	1212	3
2795	2796	10
2795	2798	16
2795	2799	16
1838	1839	1
156	88	20
156	113	23
156	157	16
156	158	16
156	159	16
2833	2834	16
4317	4318	16
2292	2293	10
2624	2625	1
247	9	19
4010	4011	10
4010	4012	1
4010	4013	13
4162	4164	13
3937	3938	6
3530	3531	12
3530	3532	12
3530	3533	14
2890	2893	10
2890	2894	5
2749	2750	1
2187	2188	16
2187	2189	16
2187	2190	16
2187	2191	16
2017	2018	14
1918	1919	3
1918	1920	5
1918	1921	1
1767	102	23
1767	112	22
1650	14	20
1650	100	23
1650	1653	10
1445	112	23
1284	112	23
1284	1285	5
1284	1286	13
1284	1287	13
1284	1288	13
1079	1080	16
869	92	19
869	94	20
869	870	16
869	872	13
841	97	20
841	843	14
580	581	14
350	351	10
3053	3054	3
3053	3055	1
3053	3056	10
3053	3057	1
2504	2505	14
3335	3336	16
3335	3337	14
3335	3338	14
2730	2731	13
2730	2732	13
2730	2733	13
2730	2734	13
1756	22	19
1756	107	22
1951	1952	1
1951	1953	5
4392	4393	5
3364	3366	1
3364	3367	14
3023	3025	10
2841	2842	16
2841	2843	14
2388	2389	16
2077	2078	16
2077	2080	10
2077	2081	16
1940	1941	16
1940	1942	16
1477	13	20
1451	6	20
1451	1452	16
1393	14	19
1393	1394	15
1393	1396	1
870	32	19
870	94	20
870	112	22
870	871	14
870	872	1
298	299	16
66	33	26
1556	1557	3
2465	2466	1
3198	3199	4
1404	1405	13
1404	1406	13
1404	1407	13
1404	1408	13
2022	2023	4
337	339	1
4378	4379	10
4155	4156	14
4110	4111	1
4110	4112	5
3673	3676	5
3186	3188	5
2635	2636	14
2635	2637	14
2635	2638	14
2635	2639	14
2412	2413	5
1765	112	23
1765	1766	1
1628	1629	12
1628	1630	12
1628	1631	12
1628	1632	13
1546	13	20
1546	1548	5
1069	1070	14
1017	1018	10
792	793	0
518	520	16
267	105	23
267	268	16
2001	2002	1
1665	112	23
1665	1663	10
3943	3944	1
3943	3945	1
3542	3543	14
3542	3544	14
3542	3545	14
3542	3546	14
765	766	0
765	767	0
765	768	1
2531	2532	14
3967	3968	3
2391	2392	3
2391	2394	1
4414	4415	12
4414	4416	13
4414	4417	16
4414	4418	10
4376	4377	5
4473	4474	3
4473	4475	3
4473	4476	3
4473	4477	3
1213	115	22
1213	1214	1
2046	2047	4
4074	4075	4
4074	4076	4
4074	4077	4
4074	4078	4
3630	3634	5
3560	3561	4
2800	2801	12
2800	2802	16
2800	2804	4
2621	2622	14
2621	2623	1
2552	2553	16
2552	2554	16
2279	2280	16
2279	2281	16
2158	2159	4
1645	13	19
1645	81	20
1645	1646	16
1645	1647	1
1633	112	22
1633	1634	14
1633	1635	14
1633	1636	14
1633	1637	13
1494	112	23
1494	1498	5
851	96	19
851	852	16
851	853	16
372	370	13
75	91	24
75	99	29
2502	2503	1
724	726	16
758	759	16
3693	3694	4
502	504	10
1574	13	19
1574	1575	13
3710	3711	16
3710	3712	16
3710	3713	13
827	830	14
1277	22	19
1277	90	19
1277	112	23
1277	1278	4
3729	3730	5
4082	4083	3
1927	1928	10
1927	1931	1
1531	14	19
1531	1532	1
214	112	22
214	215	14
4121	4125	15
4007	4005	14
4000	4001	16
3847	3850	5
3800	3802	14
3800	3803	14
3800	3804	14
3547	3548	14
3547	3551	1
3442	3443	1
3299	3300	3
3299	3301	5
3299	3302	1
3292	3293	4
2927	2928	14
2448	2449	14
2448	2450	14
2123	2125	14
2123	2126	14
2123	2127	5
1428	112	22
1428	1429	3
1212	14	20
1212	100	23
1056	1057	14
1056	1058	14
754	755	4
665	666	1
519	517	14
519	520	14
276	277	14
2303	2301	6
1920	1921	1
2467	2469	16
4265	4266	11
4431	4432	6
181	182	10
2728	2729	1
2789	2790	14
1282	23	20
1282	103	23
1282	1283	14
1282	1284	14
1282	1285	14
1282	1286	16
2421	2419	10
3711	3712	16
3711	3713	13
4363	4362	1
3301	3302	11
2869	2870	6
2431	2432	14
2431	2433	14
2420	2422	4
2103	2104	5
1919	1921	14
1746	112	22
1746	1749	6
1298	13	19
1298	1299	4
1103	1105	16
1103	1106	16
844	845	16
431	432	14
431	433	14
229	230	1
229	231	1
229	233	1
3617	3618	16
3617	3619	1
2392	2393	16
4480	4481	14
4480	4482	5
4245	4246	16
309	310	11
1555	6	20
1638	81	20
1638	112	22
1638	1639	3
1638	1640	16
1638	1641	16
1638	1642	16
4029	4030	16
559	560	16
559	561	14
790	791	4
3892	3893	4
3752	3753	3
3618	3620	1
3190	3191	1
3190	3192	1
3190	3193	5
3190	3194	5
3101	3102	16
3101	3105	10
2809	2812	5
2735	2736	10
2716	2718	16
2675	2676	1
2478	2476	1
2478	2477	1
2452	2453	6
2452	2454	6
2406	2408	5
2373	2376	16
2289	2290	10
1989	1990	14
1783	112	23
1632	112	23
1124	1125	6
1124	1126	1
1009	1008	10
1009	1010	10
716	717	6
449	450	1
164	165	16
164	166	16
164	167	16
3392	3393	6
3392	3394	6
3392	3395	6
1794	112	23
594	595	4
594	596	5
682	685	14
445	446	14
1346	112	23
1346	1347	5
1870	1871	13
1870	1872	13
1870	1873	13
258	259	6
572	573	5
1290	102	22
1290	112	23
1290	1291	13
1290	1292	13
1290	1293	15
1290	1294	13
1259	112	23
4296	4297	14
4135	4136	12
3583	3584	16
3401	3402	0
2576	2577	14
2576	2578	13
2274	2272	1
2269	2270	14
2269	2271	14
1422	81	19
1422	112	23
1422	1423	16
1422	1424	16
1341	112	23
1238	112	22
1238	1239	16
1149	1151	10
513	515	16
390	391	16
390	392	16
390	393	16
82	91	24
930	931	16
930	932	14
2253	2256	14
4097	4098	3
4097	4099	3
4097	4100	3
1565	107	22
831	6	19
831	28	20
831	32	19
831	832	16
4461	4462	0
4461	4463	0
4461	4464	0
911	912	16
1770	13	19
1770	102	23
1770	112	22
1770	1772	4
1200	8	20
1200	23	19
1200	112	23
1200	1201	16
1200	1204	13
3835	3836	1
1443	81	20
1443	112	22
3288	3289	16
3946	3950	13
4193	4194	16
4193	4195	16
4193	4196	16
4193	4197	15
4163	4162	16
4163	4164	16
3942	3943	16
3195	3196	14
3195	3197	14
3036	3037	14
2212	2213	12
2212	2214	16
1887	1888	16
1887	1889	16
1887	1890	1
1688	112	23
1688	1687	3
1602	112	22
1554	6	20
1388	6	20
1226	6	19
1226	1227	1
1097	1098	1
1040	1041	1
1028	1029	16
956	957	1
901	16	20
616	617	16
616	618	16
3695	3696	14
3695	3697	16
3695	3698	16
223	66	19
780	781	14
567	568	6
1833	1834	16
1833	1835	16
1833	1836	16
1833	1837	16
1225	6	20
1225	13	19
1225	22	20
1225	110	23
1225	112	23
1225	1226	3
1225	1228	16
4396	4397	16
4076	4077	4
4076	4078	4
4008	4005	14
3581	3582	16
3581	3583	16
3581	3584	16
3513	3510	15
3467	3468	3
3361	3362	10
3323	3324	14
3323	3325	14
3323	3326	16
3323	3327	14
3261	3262	14
2995	2996	16
2995	2997	14
2995	2998	16
2760	2761	4
2631	2633	1
2322	2323	10
2322	2326	1
1697	13	20
1543	112	23
1491	112	23
1121	1122	6
1121	1123	6
708	711	6
1601	1603	16
459	460	1
289	290	10
37	4	26
37	38	25
37	39	25
37	40	25
37	41	25
37	42	25
37	43	25
37	44	25
37	45	25
37	46	25
37	47	25
37	48	25
37	49	25
37	50	25
37	51	25
37	52	25
37	53	25
37	54	25
37	55	25
37	56	25
37	57	25
37	58	25
37	59	25
37	60	25
37	61	25
37	62	25
37	63	25
8	11	25
1559	1560	10
4036	4037	12
2933	2930	14
2277	2278	1
2277	2279	1
2277	2280	1
2277	2281	1
2783	2784	1
2783	2785	14
2547	2548	16
1481	1482	16
1481	1483	1
4440	4441	1
3779	3780	1
3598	3599	1
3578	3579	4
3537	3538	16
3102	3104	3
3059	3061	5
2755	2756	5
1673	14	20
1356	112	22
1356	1357	13
912	913	1
308	309	10
199	77	20
199	200	16
3681	3682	10
3681	3683	6
3681	3684	6
3681	3685	6
998	999	4
546	548	16
3450	3453	14
3325	3327	14
4285	4286	16
4066	4067	16
4066	4068	16
3827	3828	1
3827	3829	16
3827	3830	16
3827	3831	14
3352	3353	14
3352	3354	14
3352	3355	15
3352	3356	14
3234	3235	1
3203	3204	6
3203	3205	6
3203	3206	6
2655	2656	14
2655	2657	14
2655	2658	14
2218	2220	16
2218	2221	5
1424	1425	16
1394	14	19
1394	1396	1
1245	102	23
1245	112	22
687	689	11
589	590	14
589	591	14
589	592	14
555	556	14
555	557	13
270	271	16
270	272	16
3539	3540	4
3539	3541	4
1267	13	19
1267	16	20
1267	111	23
1267	1271	1
203	22	19
203	112	22
4474	4475	16
4474	4476	16
4474	4477	16
4436	4437	14
4260	4261	3
4094	4095	14
3878	3879	1
3878	3880	15
3591	3592	5
3233	3234	10
3233	3235	1
2965	2966	16
2965	2967	16
2335	2336	4
2335	2337	4
2335	2338	4
2335	2339	4
1922	1923	16
1922	1924	12
1922	1925	14
1922	1926	1
1735	23	19
1704	112	22
1704	1707	6
1529	14	20
1410	1411	4
1268	13	19
1268	1269	3
1268	1270	3
1268	1271	1
1268	1272	14
1223	22	20
1223	110	23
1223	1225	13
1223	1227	13
1174	1176	5
1139	1141	16
856	13	19
856	94	19
856	857	12
818	819	16
818	820	1
877	25	20
877	878	16
877	879	16
877	880	16
434	435	16
3249	3250	5
2714	2715	16
4308	4309	14
4308	4310	14
4308	4311	14
4308	4312	16
4221	4222	14
4177	4178	6
4177	4179	6
4115	4116	14
4115	4117	16
4115	4118	13
4079	4080	14
4047	4048	6
4047	4049	6
4047	4050	6
4047	4051	10
3731	3732	13
3731	3733	13
3731	3734	5
3625	3627	16
3535	3536	14
3413	3410	0
2791	2792	5
2250	2251	1
1752	112	23
1752	1753	6
1752	1754	5
1671	14	20
1292	102	23
1292	112	22
1292	1294	16
1251	3	19
1251	112	23
1251	1252	1
1251	1253	1
1251	1254	1
1251	1255	1
1201	112	23
834	25	20
834	32	19
834	94	19
396	397	11
376	377	4
1077	1078	16
3930	3931	16
1944	1945	1
1944	1946	14
1944	1947	1
1944	1948	14
1773	1775	5
1773	1776	5
1487	6	20
896	77	19
4362	4364	5
4294	4295	16
3806	3807	1
3802	3803	14
3802	3804	14
3187	3188	1
3103	3105	6
2557	2558	14
2557	2559	14
2557	2560	14
2557	2561	10
2487	2488	5
2487	2489	5
2192	2193	5
1643	112	23
1643	1644	14
1525	1526	6
1521	1522	14
1427	22	19
1427	112	23
1349	1350	4
1349	1351	3
1221	27	20
1221	112	23
1221	1222	1
1221	1225	1
698	699	16
597	601	6
509	505	6
509	506	6
509	507	6
509	508	6
210	112	22
2498	2500	10
4143	4144	16
2787	2788	16
1900	1899	14
1900	1902	14
4171	4172	1
4171	4173	1
4171	4174	1
4171	4175	5
4169	4170	1
4058	4061	6
4058	4062	6
3988	3990	14
3769	3770	14
3769	3772	14
3726	3727	13
3726	3728	16
3447	3448	14
2976	2977	16
2976	2978	16
2976	2979	16
2398	2396	0
1907	1908	16
1892	1894	10
1859	1860	5
1787	112	22
1787	1789	16
1772	13	19
1772	102	23
1652	14	20
1318	13	19
1318	1319	14
1318	1320	16
1262	8	19
1262	102	23
1262	112	23
1262	1263	16
1054	1055	14
1054	1056	14
1054	1057	14
1054	1058	14
936	938	1
936	939	14
881	882	10
881	884	16
769	771	16
631	632	5
365	366	16
365	367	16
294	295	16
294	296	1
294	297	14
173	174	5
173	175	5
3552	3553	1
2864	2865	5
990	991	16
2178	2179	1
2178	2180	16
2178	2181	15
3582	3583	16
3582	3584	16
1337	6	20
1337	14	20
1337	100	23
1337	102	23
1337	112	22
4099	4100	16
2692	2693	16
2692	2694	16
2692	2695	16
2084	2085	14
1285	112	22
1285	1286	14
3440	3441	16
829	97	19
829	830	5
829	831	1
1187	8	19
1187	112	22
4372	4373	5
4372	4374	5
4372	4375	6
4014	4015	14
4014	4016	16
3923	3924	16
3923	3925	16
3923	3926	16
3882	3883	14
3882	3884	14
3882	3885	14
3801	3802	14
3801	3803	14
3660	3661	14
3545	3546	16
3492	3493	5
3214	3215	5
2340	2341	14
2340	2342	16
2278	2279	16
2278	2280	16
2278	2281	16
2184	2185	14
2184	2186	5
2136	2137	3
2136	2138	4
1901	1900	11
1862	1863	5
1821	14	19
1821	1822	1
1683	112	22
1683	1684	4
1683	1685	4
1683	1686	4
1649	13	20
1235	112	23
1235	1236	1
1235	1237	1
1235	1238	1
1166	1167	16
1116	1117	4
1116	1118	4
1116	1119	4
1116	1120	6
1068	1070	16
507	508	16
441	442	5
441	443	5
441	444	1
340	341	1
340	342	1
340	344	1
3092	3093	5
3092	3094	5
3092	3095	5
2772	2773	4
2772	2774	4
2772	2775	4
2717	2719	14
4323	4324	3
4323	4325	16
4323	4326	1
4323	4327	1
4067	4068	16
3424	3425	1
2969	2970	10
2062	2063	3
1825	112	23
1769	102	23
1769	112	22
1769	1770	4
1769	1772	5
1703	112	23
1703	1704	6
1703	1705	6
1703	1706	6
1617	1618	14
1567	112	23
1567	1569	3
1563	1564	16
1563	1565	16
1436	112	23
1436	1437	16
1048	1049	16
948	949	4
928	929	16
928	930	16
928	932	14
517	518	14
517	520	1
517	521	6
360	361	10
305	306	14
305	307	6
2752	2753	4
3266	3267	14
4405	4406	14
4405	4407	14
4405	4408	14
4405	4409	14
4344	4345	14
4344	4346	16
4344	4347	13
4344	4348	16
4146	4147	1
4146	4148	5
4146	4149	4
4146	4150	16
3776	3777	1
3776	3778	16
3274	3275	3
3243	3244	14
2881	2882	16
2818	2819	14
2818	2820	1
2818	2821	1
2818	2822	1
2780	2782	1
2751	2752	4
2439	2440	5
1795	1796	1
1795	1797	1
1566	112	22
1566	1567	16
1566	1570	16
1505	8	19
1505	112	23
1505	1506	14
1505	1507	14
1505	1509	14
1234	13	19
1234	95	20
1234	112	22
1234	1235	3
1114	1115	5
959	957	1
500	498	3
446	447	16
259	260	1
735	734	1
2604	2605	14
2604	2606	14
4087	4088	1
1823	112	23
4448	4449	12
3632	3631	16
3031	3032	5
2966	2967	16
2300	2301	10
2165	2166	16
2141	1529	1
2055	2056	16
1781	13	19
1613	112	23
1613	1614	5
1613	1615	14
1613	1616	5
1610	112	23
1610	1611	1
1484	112	23
1484	1485	1
1371	102	23
1220	14	19
1220	82	20
1220	1221	5
1220	1222	16
1030	1031	16
584	585	10
584	586	13
565	566	12
3969	3970	16
428	430	16
4467	4468	12
4467	4469	5
1413	112	23
1413	1414	16
1413	1415	3
1651	14	20
1651	1652	6
3265	3266	14
3265	3267	1
2315	2316	14
3472	3473	6
3472	3474	6
3472	3475	6
3098	3099	6
3098	3100	6
2362	2363	5
2362	2364	5
2290	2291	10
2058	2059	16
2026	2027	5
2026	2028	5
1934	1935	3
1934	1937	16
1800	105	23
1800	1801	5
1800	1802	4
1730	65	19
1730	1731	4
1345	112	23
1294	102	23
1294	112	22
1204	14	19
1204	112	23
1125	1126	6
915	27	19
915	103	23
915	918	16
915	919	10
909	112	23
909	910	3
609	610	12
598	601	6
438	440	16
176	177	14
176	178	13
176	179	16
3138	3139	14
3138	3140	14
3138	3142	14
4350	4351	1
3770	3771	16
3770	3772	15
3329	3330	1
3329	3331	13
3134	3137	6
2932	2933	14
2856	2857	13
2856	2858	5
2856	2859	5
2512	2511	3
2491	2490	1
1977	1978	16
1834	1835	16
1834	1836	16
1834	1837	16
1798	8	20
1798	112	22
1609	112	22
1609	1611	16
564	565	3
562	563	16
525	526	11
232	229	14
232	233	14
192	88	19
192	193	1
933	934	6
933	935	5
3544	3545	14
3544	3546	14
4182	4183	16
4006	4005	1
1679	112	22
1679	1682	16
821	94	20
821	112	23
821	822	3
821	823	10
821	824	4
1905	1906	10
3511	3512	1
80	91	24
80	92	26
2479	2476	10
1592	112	22
1592	1593	3
1280	27	20
1280	32	19
1280	112	22
1280	1281	1
1280	1283	16
335	334	3
4475	4476	16
4475	4477	16
4320	4321	16
3674	3675	14
3637	3639	5
3573	3574	4
3499	3500	5
3499	3501	5
3405	3406	16
3403	3404	16
2978	2979	16
2901	2902	14
2901	2903	0
2901	2905	3
2898	2897	3
2898	2900	3
2827	2828	14
2591	2592	3
2591	2595	16
2409	2410	1
2330	2331	1
2306	2304	1
2267	2268	3
2267	2269	3
2267	2270	3
2267	2271	3
1835	1836	16
1835	1837	16
1684	1685	4
1684	1686	4
1580	14	20
1532	14	20
1476	13	20
1452	6	20
1347	103	23
1347	112	23
1347	1348	16
1323	102	23
1323	1325	1
1305	1306	13
1305	1307	5
1264	1266	16
1244	14	20
1244	102	22
1244	112	23
1244	1245	14
1244	1246	1
1032	1033	4
993	994	1
993	995	1
993	996	6
118	68	27
2205	2202	14
4262	4263	14
3989	3990	6
3989	3991	6
1564	65	19
1564	1565	16
2899	2897	3
2899	2900	3
4455	4456	14
4455	4457	14
4455	4458	14
4455	4459	14
4242	4243	12
4242	4244	1
4242	4245	12
4190	4191	15
4190	4192	5
4176	4177	6
4176	4178	6
4176	4179	6
4063	4064	4
3641	3642	16
3641	3643	16
3641	3644	16
3279	3280	3
2801	2803	14
2720	2721	5
2617	2619	14
1961	1962	1
1675	1676	16
1675	1677	16
1675	1678	16
1460	16	20
1460	113	23
1460	1461	14
1460	1462	3
1460	1464	14
1390	105	22
1390	112	23
1311	14	19
1311	1308	1
832	29	20
186	112	23
186	189	15
1002	1003	6
3278	3280	5
1717	14	20
1717	100	23
1717	1718	16
1717	1720	5
1967	1968	3
1967	1969	3
1967	1970	3
1967	1971	3
2845	2848	4
4186	4189	5
3736	3737	4
2308	2304	1
3181	3183	6
1016	1018	10
313	314	14
3873	3875	16
3873	3876	16
3819	3817	14
3819	3818	14
3819	3820	14
3819	3821	14
3489	3490	1
3393	3394	4
3177	3178	14
3177	3179	16
3173	3174	16
2774	2775	4
2671	2672	1
2646	2647	3
2646	2648	3
2646	2649	3
2646	2650	3
2345	2346	1
2345	2347	10
2341	2342	14
2302	2303	4
2105	2106	4
2105	2107	4
2078	2081	16
2069	2071	14
1810	102	23
1810	1811	5
1639	112	23
1639	1640	3
1639	1641	3
1639	1642	3
1382	13	19
1382	112	23
1382	1383	1
753	754	6
753	755	6
753	756	5
753	757	5
653	654	13
348	349	5
251	252	1
251	253	13
251	255	5
249	250	1
150	151	14
150	152	14
150	153	14
150	154	14
3340	3341	3
3340	3342	16
1629	112	22
3464	3465	16
3464	3466	5
4443	4444	4
4443	4445	4
4443	4446	4
4443	4447	4
4281	4282	5
4281	4283	5
4255	4256	16
4201	4202	1
4201	4204	1
4122	4123	5
4119	4120	3
3622	3624	1
3548	3549	13
3548	3550	12
3116	3117	1
3116	3118	5
2968	2969	3
2579	2580	1
2579	2581	4
2523	2524	1
2523	2525	1
2523	2526	1
2523	2527	15
2476	2477	4
2476	2479	14
2052	2053	16
1973	1974	6
1973	1975	6
1973	1976	6
1774	6	19
472	473	4
35	33	26
35	78	25
3080	3082	5
2470	2472	3
4093	4094	14
4093	4095	14
3566	3567	4
3566	3568	4
3566	3569	4
3740	3741	5
4359	4360	16
4359	4361	16
3982	3980	10
3485	3486	4
3281	3282	13
3281	3283	13
3281	3284	13
3212	3213	16
3208	3209	16
3180	3182	4
3180	3183	10
3180	3184	1
3018	3019	1
2959	2960	4
2645	2641	3
2506	2509	14
2506	2510	1
2434	2435	1
2434	2436	10
2434	2437	9
2182	2183	5
1941	1942	4
1520	112	23
1520	1518	1
1520	1519	14
1446	112	23
1446	1447	3
1446	1450	12
1035	1036	16
738	739	16
738	740	5
738	741	10
738	742	1
170	171	15
170	172	15
166	167	16
130	112	22
130	131	16
130	133	13
130	134	1
77	75	26
3216	3217	4
3216	3218	1
3216	3219	1
1542	112	23
1542	1543	10
1667	90	19
1667	1668	6
4101	4102	16
4101	4103	3
4101	4104	5
1230	8	19
1230	1231	14
1230	1232	16
1230	1233	16
3992	3993	15
3992	3995	1
3650	3651	16
3633	3630	16
3510	3513	16
3328	3332	16
3285	3286	16
3118	3119	16
2936	2934	14
2840	2839	1
2747	2748	11
2706	2707	1
2706	2708	1
2411	2412	1
2411	2414	1
2353	2354	1
2353	2357	1
1909	1910	10
1909	1911	4
1658	13	19
1658	20	19
1417	81	20
1417	112	22
1328	112	23
1328	1330	13
1297	75	20
1297	84	19
1297	98	23
1297	1298	16
1102	1103	16
1102	1104	16
1102	1105	1
1102	1106	1
1057	1058	14
861	25	19
861	95	20
861	864	10
613	614	14
503	502	14
503	504	14
242	118	22
165	166	16
165	167	16
126	112	23
126	129	15
2906	2907	1
2906	2908	1
2906	2909	1
2337	2338	4
2337	2339	4
3287	3290	15
2224	2225	12
2224	2226	16
2224	2227	16
2224	2228	13
4483	4484	14
4483	4485	14
4349	4350	1
4342	4341	5
3257	3258	4
2757	2758	5
2354	2356	5
2354	2357	5
2328	2329	6
2064	2065	16
2064	2067	15
2019	2020	4
2019	2021	6
2019	2022	4
2019	2023	4
1854	1856	10
1587	1588	16
1587	1589	1
1302	102	23
1302	117	22
1302	1303	14
1302	1304	16
1246	102	23
1246	112	22
1246	1243	11
1144	1145	14
854	94	20
854	96	20
854	850	1
854	855	14
854	857	14
825	112	23
714	715	14
1039	1040	4
1039	1043	10
4052	4053	10
3616	3617	1
3616	3619	5
3616	3620	5
2963	2964	16
2963	2965	16
2963	2966	16
2963	2967	16
3308	3309	16
2441	2442	4
3385	3386	16
4341	4342	5
4341	4343	10
4084	4085	10
4012	4013	16
3701	3702	14
3701	3703	10
3315	3316	3
3084	3085	6
3084	3086	6
2939	2941	1
2666	2667	1
2666	2668	10
2468	2469	5
1850	1851	16
1850	1852	1
1695	13	20
1695	1696	6
1695	1697	6
1576	14	20
1576	1579	16
1576	1580	16
1549	81	19
1549	112	23
1549	1550	1
1549	1552	12
1541	81	19
1541	112	23
1377	8	19
1377	112	23
1377	1378	14
1377	1379	14
1377	1380	14
1377	1381	16
1308	1309	14
1154	1155	4
803	804	1
723	725	14
723	727	7
448	449	14
448	450	1
115	10	27
95	32	26
88	24	26
4269	4270	16
4269	4271	16
1192	22	19
1192	119	23
1192	1193	16
1192	1194	1
1192	1195	1
4398	4399	5
4398	4400	5
4368	4369	4
4289	4290	1
3884	3885	16
3657	3658	14
3657	3660	14
3657	3661	14
3597	3598	10
3597	3599	1
3420	3421	16
3238	3241	4
3229	3230	5
2947	2948	5
2929	2930	5
2929	2931	5
2929	2932	14
2929	2933	5
2202	2203	14
2202	2206	16
2015	2016	16
2015	2017	14
2015	2018	14
1577	13	20
1577	1578	4
1398	90	19
1398	112	23
1398	1399	3
1398	1400	3
1398	1401	3
1010	1008	10
983	984	16
983	986	10
600	601	6
522	523	15
522	524	1
522	525	10
512	513	1
512	516	10
120	8	27
884	885	4
312	313	14
312	314	16
3939	3940	16
4292	4293	16
4292	4294	16
4292	4295	16
327	328	11
1000	997	10
891	892	7
3149	3150	5
527	528	16
1334	1335	0
1512	8	19
1512	112	23
1512	1513	3
1512	1514	3
1512	1515	3
1512	1516	3
2722	2723	1
2722	2724	10
4090	4091	10
3933	3935	16
3667	3669	5
3586	3587	16
3563	3564	5
2865	2866	16
2351	2352	3
2338	2339	4
2237	2238	5
2012	2013	1
1831	102	23
1831	1832	16
1759	22	19
1759	1760	6
1759	1761	6
1575	13	19
1497	112	23
1420	13	19
1343	105	23
1343	112	23
1343	1344	10
1343	1345	14
1343	1346	11
1343	1347	5
1203	1204	16
1203	1205	1
1203	1206	1
1203	1207	1
969	970	1
900	111	23
204	90	19
204	112	23
939	940	10
1721	14	19
1721	100	21
1721	1723	3
1721	1724	5
1721	1725	5
1109	1111	5
4310	4311	16
3336	3339	16
2830	2831	4
2691	2692	16
2691	2693	16
2691	2694	16
2691	2695	16
2628	2629	15
2612	2613	12
2368	2369	16
2311	2312	5
2195	2196	4
1389	112	23
1389	1390	1
1369	84	19
1369	112	23
1369	1370	4
946	947	1
470	471	4
470	472	4
470	473	4
455	457	10
221	222	1
221	223	1
144	35	20
144	77	19
3589	3590	16
3589	3591	6
3881	3882	14
3881	3883	14
3881	3884	14
3881	3885	14
3085	3086	6
1275	90	19
1275	1276	3
1112	1113	1
3871	3872	10
1605	1606	16
3462	3463	1
4360	4361	16
4332	4335	1
4086	4088	1
4077	4078	4
3985	3986	1
3794	3795	6
3222	3223	1
2944	2945	5
2944	2946	5
2944	2947	5
2944	2948	5
2732	2733	16
2732	2734	16
2553	2554	16
2310	2313	14
1995	1996	13
1935	1936	5
1616	112	22
1472	112	22
1472	1473	5
1044	1045	14
748	749	16
619	620	5
530	531	5
530	532	5
198	13	19
198	199	1
32	31	25
1837	13	19
4211	4212	14
4211	4213	14
4211	4214	14
4211	4215	14
1055	1056	14
1055	1057	14
1055	1058	14
2797	2798	14
2797	2799	14
1615	112	22
1615	1616	5
1395	6	19
1395	112	23
4173	4174	16
3959	3960	16
3237	3239	10
3237	3240	1
3126	3127	1
3088	3089	1
3303	3304	14
2954	2955	14
2370	2371	3
2167	2168	16
2038	2039	16
2038	2040	10
2038	2041	1
2038	2042	14
1822	105	23
1741	1742	4
1553	6	20
1506	8	19
1506	112	22
1506	1507	16
1506	1509	16
1430	22	19
1430	94	20
1386	112	22
1386	1387	16
1190	8	20
1190	112	22
1190	1191	4
1190	1192	4
925	13	19
925	112	23
849	112	22
847	13	20
847	848	4
595	596	4
579	580	14
579	581	0
579	583	10
136	77	20
136	137	16
4038	4039	3
378	379	14
378	380	14
4096	4097	3
4096	4098	16
4096	4099	16
4096	4100	16
2763	2764	14
2763	2765	13
2763	2766	1
2763	2767	10
1122	1123	4
2230	2231	14
9	33	25
9	36	25
9	37	25
9	64	25
9	65	25
1178	90	19
1178	116	22
1178	1179	1
1178	1180	14
1178	1182	5
1654	14	20
4147	4148	3
4147	4149	1
4147	4150	1
4141	4142	1
4141	4143	1
4141	4144	1
4141	4145	1
3534	3535	6
2868	2869	6
2390	2378	1
2309	2310	16
2309	2313	15
1939	1940	3
1939	1941	3
1939	1942	3
1939	1943	3
1646	13	19
1646	112	23
1295	8	20
1295	14	19
1295	122	23
1295	1296	14
1295	1297	16
1184	8	20
1184	112	23
1184	116	23
1184	1185	1
1184	1186	1
1184	1187	1
1034	1035	14
1034	1036	14
1027	1028	6
1027	1029	6
1027	1030	6
1027	1031	6
976	977	13
949	951	6
860	25	19
860	95	20
860	861	16
860	864	1
857	94	19
857	95	20
837	13	18
837	112	23
837	838	1
644	645	6
644	646	1
644	647	6
644	648	10
639	640	14
639	643	16
612	613	16
612	614	14
539	541	4
539	542	10
461	462	16
461	463	16
461	464	16
461	465	1
368	370	13
345	346	1
345	349	1
310	311	4
296	297	16
287	288	4
226	90	19
226	228	7
1353	112	22
3136	3137	6
1429	112	23
4059	4060	16
1364	6	20
1381	12	19
1381	123	22
3411	3412	5
4017	4018	3
3932	3934	16
3932	3936	16
3869	3872	10
3662	3663	16
3662	3664	16
3662	3665	16
3662	3666	5
3565	3566	14
3565	3567	14
3565	3568	14
3565	3569	14
3306	3307	13
3270	3273	16
3065	3066	3
2849	2850	3
2849	2851	5
2849	2852	5
2849	2853	5
2662	2663	16
2662	2664	16
2662	2665	16
2501	2502	14
2361	2362	4
2361	2363	4
2361	2364	4
2307	2304	1
2050	2051	14
1790	112	23
1790	1791	1
1692	1693	16
1627	13	20
1612	112	22
1612	1613	14
1612	1614	5
1612	1615	5
1612	1616	5
1426	6	20
1426	22	19
1426	112	22
1426	1427	1
1414	112	22
1414	1415	16
1412	13	20
1242	14	20
1242	102	22
1242	112	23
1242	1243	1
1242	1244	15
1242	1246	1
929	930	14
886	22	19
886	112	22
886	887	6
858	14	19
858	95	20
858	113	23
858	862	1
732	733	14
701	703	16
570	571	1
485	486	1
385	386	16
358	359	16
112	4	27
110	4	27
110	22	28
1315	1316	4
1315	1317	6
843	25	19
843	30	20
843	95	20
843	103	21
843	112	22
4316	4317	16
4316	4318	16
4227	4228	1
4227	4229	5
4227	4230	5
4185	4186	16
4185	4187	13
4185	4188	16
3811	3812	5
3686	3687	4
3686	3688	2
3686	3689	16
3686	3690	6
3604	3605	16
3594	3596	6
3576	3577	1
3576	3578	4
3200	3201	14
2945	2946	5
2945	2947	5
2945	2948	5
2796	2798	10
2796	2799	16
2681	2682	10
1766	102	23
1766	112	22
1766	1767	16
1751	112	23
1751	1754	5
1745	112	23
1745	1746	14
1745	1747	14
1745	1748	14
1066	1067	16
971	972	14
658	659	14
281	282	3
281	285	16
160	161	6
160	162	16
797	798	16
145	146	15
145	147	10
3490	3491	5
1685	1686	4
421	422	16
4257	4258	1
4257	4259	16
4023	4026	15
4023	4027	14
3853	3854	16
3853	3855	16
3853	3856	1
3853	3857	1
3456	3457	16
3317	3318	3
3317	3319	4
3038	3039	1
3038	3040	5
3038	3041	5
3038	3042	5
3005	3006	4
2950	2951	14
2813	2814	14
2813	2815	16
2813	2816	16
2813	2817	16
2764	2765	16
2764	2767	14
2471	2470	3
2471	2472	5
2128	2129	16
2128	2130	1
2128	2131	1
2003	2004	3
2003	2005	5
1998	1999	5
1987	1988	3
1737	112	22
1728	112	22
1728	1729	4
1728	1730	4
1728	1731	4
1622	13	19
1585	13	19
1582	6	20
1432	8	20
1432	22	19
1432	123	23
1432	1433	10
980	981	14
924	13	19
850	851	16
850	852	10
850	853	13
836	112	23
836	837	14
826	827	14
826	829	14
660	661	16
660	662	1
581	582	16
132	13	19
132	133	4
14	5	25
14	75	26
14	89	25
2457	2458	3
2455	2456	1
4212	4213	16
4212	4214	16
4212	4215	16
4148	4149	4
4148	4150	16
3919	3920	4
3919	3921	10
3588	3589	16
3588	3590	16
3588	3591	6
3494	1403	1
3414	3415	14
3010	3011	14
3010	3012	14
2885	2886	14
2427	2428	5
2427	2429	5
2426	2427	5
2426	2428	5
2426	2429	5
2386	2387	14
2349	2350	5
2327	2328	1
2066	2068	16
2008	2009	4
1894	1895	11
1547	13	20
1501	112	23
1501	1502	1
1340	112	23
1340	1341	4
1333	106	23
1333	1332	10
1314	1315	13
1279	16	20
1279	111	23
1279	112	23
1279	1280	1
1279	1282	14
1274	105	23
1274	112	22
1274	1275	1
1274	1276	1
1274	1277	1
1239	112	23
1233	8	19
1233	13	20
1100	1101	16
1083	1085	10
876	25	20
876	877	6
876	878	6
876	879	6
876	880	10
846	112	23
673	674	1
514	515	1
2971	2972	15
2971	2973	16
2971	2974	1
1928	1929	16
1928	1930	16
3131	3132	6
3175	3176	3
3506	3507	14
3506	3509	16
4377	4378	5
4377	4379	5
4128	4127	14
3895	3896	16
3895	3897	4
3482	3483	1
3477	3478	16
3446	3449	1
3330	3332	3
3251	3252	3
3191	3192	4
2981	2983	6
2958	2959	4
2958	2960	4
2871	2872	6
2805	2806	16
2805	2807	5
2740	2743	14
2413	2415	4
2346	2347	1
2170	2171	5
2169	2170	14
1579	14	20
1579	1577	0
1579	1578	0
1502	14	20
1475	13	20
1440	112	22
1440	1441	14
1373	6	19
1373	112	23
1373	1372	3
1373	1375	5
1229	6	19
1229	8	19
1229	116	23
1229	1228	14
1229	1230	16
1229	1231	14
1229	1232	16
1229	1233	16
785	786	3
785	787	3
785	788	3
427	429	16
228	90	19
228	112	23
4205	4206	5
1300	112	22
1300	1301	16
1300	1302	14
1300	1303	14
1300	1304	14
2121	2122	4
776	777	14
4111	4113	4
4111	4114	6
4106	4107	4
3983	3984	1
3762	3763	10
3762	3764	1
3745	3746	13
3614	3615	13
3341	3342	1
3054	3055	5
2999	3000	1
2580	2582	5
2580	2583	1
2132	2133	16
2132	2134	5
2035	2036	5
1974	1975	6
1974	1976	6
1913	1914	14
1903	1900	16
1826	112	23
1722	112	23
1310	14	20
1310	1307	1
1310	1311	10
1065	1066	1
1065	1067	5
922	13	19
796	797	16
604	605	16
604	606	16
474	470	14
474	471	14
474	472	14
474	473	14
395	396	10
213	35	19
2451	2452	6
2451	2453	6
2451	2454	6
208	112	22
208	211	12
3437	3438	5
3437	3439	3
4452	4453	5
3909	3910	16
3909	3911	14
3737	3738	10
3635	3636	14
3326	3327	16
3207	3208	16
3207	3209	16
2917	2918	3
2917	2919	3
2917	2920	3
2917	2921	3
2700	2701	16
2586	2590	16
2273	2276	5
2263	2264	16
2263	2265	10
2263	2266	13
2172	2173	16
1915	1916	1
1915	1917	4
1768	102	22
1768	112	23
1768	1769	1
1768	1771	5
1619	14	19
1619	1620	1
1469	14	20
1469	1470	16
1469	1471	14
1453	13	19
1453	16	20
1453	1454	1
1378	8	20
1378	22	19
1378	109	22
1378	1379	16
1378	1381	14
1339	112	23
1339	1340	4
1193	13	19
1193	90	19
1193	1194	14
1193	1195	14
1193	1196	14
888	889	14
888	891	14
888	892	10
599	601	6
320	321	12
190	192	12
465	461	3
2918	2921	16
4277	4276	3
4277	4278	3
4254	4255	16
4254	4256	16
4243	4246	16
4232	4233	16
3773	3774	14
3773	3775	16
3554	3555	14
3428	3429	5
3428	3430	5
3428	3431	5
3410	3411	1
3410	3412	1
2756	2757	5
2684	2685	1
2684	2686	3
2423	2424	16
2423	2425	16
2027	2028	4
1829	102	23
1829	1832	16
1706	112	22
1706	1707	6
1607	107	23
1607	1608	14
1313	1314	13
1272	6	20
1272	102	23
1272	112	22
1224	13	19
1224	81	20
1224	112	22
1224	1226	3
1162	1158	16
1162	1161	10
991	992	16
910	112	22
859	25	19
859	95	20
859	860	16
859	861	16
828	826	14
822	90	19
822	94	19
822	95	19
822	112	23
822	823	16
822	824	16
720	721	14
700	701	14
700	702	16
700	704	13
686	687	14
686	689	1
505	507	16
505	508	16
30	19	25
30	67	25
3260	3261	14
3260	3263	5
4470	4471	14
4470	4472	16
4444	4445	4
4444	4446	4
4444	4447	4
4439	4440	16
4439	4442	16
4270	4271	16
4142	4145	16
3998	3999	1
3629	3627	1
3629	3628	1
3397	3398	16
3397	3400	1
3379	3380	13
3379	3381	13
3379	3382	13
3379	3383	13
3185	3186	3
3185	3187	16
3185	3189	1
3154	3155	16
3144	3145	14
3087	3090	16
3064	3063	3
2914	2913	3
2891	2890	14
2802	2803	16
2656	2657	14
2656	2658	14
2480	2481	1
2480	2482	1
2480	2483	1
2480	2484	13
2314	2315	14
2314	2316	16
1984	1985	1
1984	1986	16
1955	1956	14
1955	1957	14
1544	13	20
1544	1545	10
1544	1546	10
1544	1547	10
1544	1548	10
1465	112	23
1465	1467	15
1325	102	23
1325	1326	1
1325	1327	1
1325	1328	1
1325	1329	16
1261	112	22
1261	1262	14
1253	14	20
1253	119	22
1253	1254	4
1253	1255	4
1218	13	19
1218	14	20
1218	22	19
1218	100	23
1218	1219	16
1218	1220	14
1218	1221	14
1218	1222	1
1215	115	22
1105	1106	16
905	32	19
905	906	16
880	25	19
880	95	20
436	437	16
436	438	16
436	439	13
436	440	16
414	415	10
387	388	16
380	382	4
159	160	16
116	4	27
3874	3877	10
3721	3723	14
3691	3692	5
3691	3694	10
3636	3638	4
3605	3606	1
4274	4275	1
3165	3166	3
3165	3167	3
3033	3034	6
3033	3035	6
2525	2527	13
1853	1855	15
1836	13	19
1836	1837	16
4138	4140	10
1808	112	23
1808	1809	3
1755	65	19
1596	1597	14
1590	13	18
1307	1308	14
885	77	20
885	97	19
848	13	20
848	112	23
848	849	3
642	643	4
577	578	4
538	539	1
538	540	1
4065	4066	16
4065	4067	16
4065	4068	16
523	524	1
523	525	10
408	409	16
2957	2958	4
2957	2959	4
2957	2960	4
4166	4167	5
4166	4168	5
4035	4036	14
3781	3783	16
3735	3736	4
3735	3739	14
3659	3660	14
3659	3661	14
3626	3628	10
3619	3620	16
3607	3608	6
3607	3609	3
3549	3551	10
3387	3390	14
3387	3391	14
3232	3231	5
3083	3084	6
3083	3085	6
3083	3086	6
2977	2978	16
2977	2979	16
2733	2734	16
2673	2674	4
2569	2570	14
1598	1599	16
1514	8	19
1514	1515	4
1514	1516	4
1496	112	23
1496	1495	10
1363	112	22
1321	1322	12
1222	8	19
1222	102	23
1222	116	23
1222	1224	16
1037	1038	1
918	27	19
918	919	9
549	550	1
494	495	14
494	496	14
153	88	20
153	154	14
138	139	10
138	140	14
92	80	25
1330	102	22
1330	1331	16
4352	4353	1
4331	4332	10
4331	4333	1
4300	4301	16
4300	4302	16
3993	3995	1
3784	3785	1
3754	3755	14
3585	3586	16
3585	3587	16
2991	2992	1
2988	2989	14
2988	2990	5
2694	2695	16
2488	2489	5
2154	2153	1
2124	2126	14
2073	2074	3
1754	112	23
1720	14	20
1720	100	23
1504	6	19
1504	112	22
1461	112	23
1461	1462	14
1461	1463	12
1148	1150	16
1082	1084	16
602	603	16
602	604	16
602	605	16
602	606	16
486	483	1
467	468	14
238	77	20
161	162	10
108	10	27
640	642	10
4131	4132	4
4131	4133	4
4131	4134	4
4019	4020	16
3952	3953	5
3952	3954	5
3924	3925	16
3924	3926	16
3859	3861	1
3178	3179	16
3171	3172	4
3133	3134	14
3133	3135	14
3133	3136	14
3133	3137	13
2916	2913	4
2895	2896	15
2829	2830	6
2727	2729	16
2687	2688	13
2687	2689	13
2687	2690	13
2520	2521	4
2520	2522	4
2254	2256	14
1963	1964	1
1963	1965	1
1963	1966	1
1891	1892	1
1891	1893	16
1889	1890	1
1841	1842	1
1841	1843	4
1748	112	22
1748	1749	6
1509	8	19
1509	112	22
1423	81	19
1423	112	22
1423	1424	16
1423	1425	16
1403	112	23
1402	6	20
1402	102	23
1402	1403	1
1270	13	19
1270	1271	1
1074	1075	14
973	974	16
973	975	16
937	939	16
868	103	23
868	869	16
868	870	16
868	872	13
865	95	19
865	866	5
865	867	4
865	868	14
789	790	4
789	791	4
683	684	16
575	576	14
437	438	16
437	440	16
4446	4447	4
4403	4404	1
4402	4403	16
4198	4199	16
3888	3889	14
2125	2126	5
2032	2033	1
1540	8	19
1540	112	23
1540	1541	14
1540	1542	10
1511	6	20
697	698	16
697	699	16
543	544	14
543	545	1
128	129	15
1380	1381	16
3901	3902	1
1760	1761	6
371	370	13
371	372	10
1117	1118	4
1117	1119	4
1117	1120	6
1263	1264	16
1263	1266	16
102	6	27
306	307	14
3915	3916	6
2474	2475	16
1486	6	20
4365	4366	12
1562	112	22
1562	1563	16
1562	1564	16
1562	1565	16
341	342	16
341	343	14
2529	2530	14
2529	2532	14
2083	2084	4
2083	2085	14
3	90	25
3	96	25
2331	2333	10
2331	2334	16
4180	4181	1
4180	4184	16
3766	3767	14
3077	3078	16
2709	2710	16
2709	2711	3
2709	2712	1
2709	2713	1
2139	2140	5
1923	1924	12
1923	1925	14
1570	23	19
1425	112	22
1227	22	20
1227	103	22
1227	110	23
1227	1226	3
855	856	3
855	857	16
855	858	5
855	859	1
707	711	6
109	8	27
2404	2407	16
801	802	12
4450	4451	1
1707	112	22
1415	112	22
462	464	16
1158	1160	14
1158	1161	16
3929	3930	16
3929	3931	16
691	692	5
691	693	16
1418	1420	16
2750	2751	14
587	588	16
805	803	1
805	804	1
2616	2617	14
2616	2620	14
3120	3121	16
3120	3122	16
718	719	14
2563	2564	1
106	71	27
106	72	27
106	93	27
4314	4315	12
3836	3837	5
3836	3838	6
3091	3092	5
3091	3093	5
3091	3094	5
3091	3095	5
2746	2747	14
2618	2619	14
1736	112	22
1400	1401	16
862	14	20
862	95	19
862	113	23
862	863	1
300	301	6
300	302	6
300	303	6
300	304	6
253	254	3
236	235	14
3096	3097	1
1992	1993	15
3997	3996	1
3997	3998	14
710	711	6
987	988	16
4299	4300	16
4299	4301	16
4299	4302	16
2318	2319	16
2318	2320	4
3956	3958	4
2024	2025	3
2024	2026	10
2024	2027	4
2024	2028	4
3255	3259	15
1537	112	23
369	370	13
1932	1933	1
2887	2888	5
2887	2889	5
3922	3923	16
3922	3924	16
3922	3925	16
3922	3926	16
3747	3748	16
3747	3749	1
3747	3750	14
3543	3545	14
3543	3546	14
3125	3126	1
3072	3073	3
2533	2537	16
2323	2324	10
2057	2060	4
2057	2061	3
1882	1883	1
1882	1884	1
1731	107	22
1626	13	19
1584	13	19
1584	1586	5
1538	112	23
1538	1539	16
931	932	16
547	549	14
246	247	14
1857	1858	1
1857	1861	3
964	968	10
1376	6	20
1376	22	19
1623	13	19
1623	1624	16
1623	1625	1
1623	1626	16
1623	1627	1
2029	2030	10
2029	2031	16
1867	1868	1
1867	1869	14
4346	4347	13
4346	4348	16
1172	1175	1
3407	3409	10
3211	3212	16
3438	3439	1
1621	14	19
1621	1622	16
2116	2117	12
2116	2118	16
2116	2119	16
2116	2120	15
1278	22	20
1278	90	19
871	873	6
871	874	6
1104	1105	16
1104	1106	16
1832	102	23
3748	3750	14
3225	3227	16
3668	3669	5
778	779	6
3570	3571	4
3570	3572	4
3570	3573	4
3570	3574	4
1572	1573	4
1572	1574	4
1572	1575	4
2669	2670	1
1718	112	23
1718	1719	16
1718	1720	6
1710	1711	16
1710	1712	16
1709	112	23
1709	1710	12
1709	1711	12
1709	1712	12
892	90	20
892	95	19
875	101	23
709	711	6
4321	4322	1
2842	2843	16
4069	4065	13
4069	4066	13
4069	4067	13
4069	4068	13
560	561	14
4276	4278	16
2737	2738	5
1293	102	22
1293	112	23
2207	2209	4
2207	2210	4
2207	2211	4
1457	81	20
1457	112	22
2400	2402	1
2400	2403	1
1473	13	20
2571	2572	3
2571	2573	14
2571	2574	14
2571	2575	3
2739	2740	14
2739	2741	16
2739	2742	16
1344	112	23
1344	1346	4
1740	1741	6
1740	1742	6
1740	1744	13
1672	13	20
4151	4152	5
3271	3272	5
3107	3108	14
3067	3068	5
3067	3069	1
2493	2494	1
1929	1930	4
1726	14	19
1726	1727	1
1513	8	19
1513	1514	4
1513	1515	4
1513	1516	4
1132	1133	3
1132	1134	14
1127	1129	16
279	280	12
206	207	1
3760	3761	1
1551	81	19
4264	4265	16
1757	1758	14
1757	1759	16
1757	1760	16
1757	1761	16
3204	3205	4
3204	3206	4
3898	3899	14
3898	3900	16
3094	3095	5
914	30	19
3759	3761	1
4426	4427	16
4426	4428	14
2507	2508	14
1625	13	20
1625	1627	5
1535	1536	14
2416	2417	14
2416	2418	16
1803	1804	1
3073	3075	14
101	4	27
101	22	27
101	34	27
101	70	27
1459	8	20
1081	1082	15
1081	1084	16
4213	4214	16
4213	4215	16
3294	3295	14
2863	2864	3
2863	2865	4
2863	2866	10
1960	1961	3
1960	1962	16
1492	22	19
1492	112	23
1492	116	22
1492	1493	14
1265	112	22
1265	1266	16
641	642	6
603	604	16
603	605	16
603	606	16
442	444	1
151	88	20
151	152	14
151	153	14
151	154	14
2419	2420	1
2419	2421	16
2419	2422	1
1480	1481	16
1480	1482	16
1480	1483	1
1690	1691	1
2020	2022	4
2020	2023	4
1777	112	23
1777	1778	16
1777	1779	14
2011	2012	16
2011	2014	1
2549	2550	5
2549	2551	5
3791	3792	1
3791	3793	16
3791	3794	16
3791	3795	16
398	399	15
398	400	14
316	314	3
1515	8	19
1515	22	19
1515	1516	4
185	186	14
185	187	1
1217	14	19
1217	81	19
1217	112	22
1217	1218	1
1217	1219	14
1217	1220	14
1217	1221	14
958	957	1
3256	3257	4
3256	3258	4
4303	4304	1
4303	4305	1
4303	4306	1
4303	4307	16
4250	4247	1
4250	4248	1
4250	4249	1
4250	4251	1
2348	2349	5
2348	2350	5
1899	1902	1
1199	8	19
1199	116	23
1199	1200	16
1199	1201	16
679	681	16
678	681	1
452	453	14
3324	3325	13
3324	3327	1
2819	2820	16
2819	2821	16
2819	2822	16
3481	3482	3
3481	3484	4
1614	112	22
1614	1615	5
1614	1616	5
243	13	19
243	244	14
243	245	14
243	246	14
3235	3236	5
2358	2359	3
1014	1015	16
2325	2322	3
2325	2323	3
1396	14	19
2252	2253	14
2252	2254	14
2252	2255	14
3717	3718	5
2239	2240	14
2239	2242	1
4291	4292	16
4291	4293	16
4291	4294	16
4291	4295	16
3913	3914	10
3663	3664	16
3663	3665	16
3663	3666	16
4208	4210	14
113	74	27
1329	1330	13
454	455	1
454	456	3
454	457	1
454	458	1
3123	3124	16
3928	3929	16
3928	3930	16
3928	3931	16
3708	3707	6
3344	3345	5
3344	3346	4
3247	3248	14
3247	3250	3
3130	3131	10
3130	3132	10
3049	3050	3
3004	3005	5
3004	3006	10
2285	2286	16
2043	2044	3
1479	1480	16
1479	1481	16
1479	1482	16
1479	1483	1
1437	112	23
1250	14	20
1250	112	23
1250	1251	6
1250	1252	6
1250	1253	6
1250	1254	6
842	112	23
842	843	3
557	558	10
479	480	16
479	481	1
410	411	14
410	412	1
410	413	1
157	158	16
157	159	16
669	665	1
3264	3268	16
2657	2658	14
3514	3515	6
3763	3765	1
1814	112	23
1591	1589	1
1738	1739	5
2597	2598	5
1362	6	20
1362	102	23
1362	112	22
1362	1364	5
1362	1366	15
290	291	1
2156	2157	1
4230	4231	1
2099	2100	5
3627	3628	14
1439	112	23
1439	1438	3
3580	3581	16
3580	3582	16
3580	3583	16
3580	3584	16
3360	3361	14
3360	3362	15
3348	3349	16
2994	2995	14
2994	2996	16
2994	2997	14
2994	2998	16
2562	2563	3
2562	2565	5
2395	2399	5
2372	2373	16
2372	2374	1
2372	2375	5
1312	14	19
1249	1250	1
1021	1023	10
231	233	1
98	8	27
898	902	3
4429	1442	1
2236	2237	3
4293	4294	16
4293	4295	16
2980	2982	16
3572	3573	4
3572	3574	4
4486	4487	3
2538	2539	5
2538	2540	5
2538	2541	5
2538	2542	5
3886	3887	14
3886	3888	14
3886	3889	13
3886	3890	15
2661	2662	1
2661	2663	3
2661	2664	3
2661	2665	1
3631	3630	10
4105	4106	4
4105	4107	4
3758	3759	4
3758	3760	5
3758	3761	1
3140	3142	16
2366	2367	16
4200	4201	14
4200	4203	3
4194	4197	14
3436	3435	3
3034	3035	6
3026	3027	1
2036	2035	7
1806	1807	14
1322	1324	10
1185	8	20
1185	112	22
1185	1186	16
476	477	16
476	478	16
2814	2815	14
2814	2816	14
2814	2817	14
1719	14	20
1719	100	23
1719	1720	16
3896	3897	14
1670	14	20
1670	1674	15
1498	112	23
3156	3157	1
2094	2096	16
3979	3980	6
3979	3981	5
1368	112	23
1368	1369	4
1368	1370	4
3205	3206	4
1888	1889	16
1888	1890	1
751	752	16
808	809	16
808	812	9
3375	3376	16
4305	4306	16
927	112	23
4071	4072	1
1419	112	23
4172	4173	16
4172	4174	16
3972	3975	12
3870	3871	3
3870	3872	9
3300	3301	12
3242	3243	14
3242	3244	1
2975	2976	16
2975	2977	16
2975	2978	16
2975	2979	13
2490	2492	16
495	496	14
392	393	16
346	347	1
196	197	14
121	14	27
4460	4461	1
4460	4462	16
4460	4463	16
4460	4464	16
3531	3532	16
3531	3533	14
135	77	20
135	136	16
135	137	16
3022	3023	1
3022	3024	13
1188	6	20
1188	14	19
1188	112	22
1188	116	22
1188	1189	14
1188	1190	14
1188	1191	3
1188	1192	3
1289	112	22
1545	13	20
1545	1546	5
1545	1547	5
1545	1548	5
1879	1881	13
2229	2230	16
2229	2231	3
1406	8	19
3109	3110	14
1061	1062	3
1061	1063	14
1061	1064	5
4399	4400	5
4354	4357	15
3742	3743	1
3742	3744	1
2949	2950	14
2949	2951	1
2588	2589	4
2508	2510	16
1146	1147	3
590	593	14
498	499	16
498	501	1
416	417	5
338	339	1
152	80	19
152	153	14
152	154	14
65	4	26
282	285	16
1240	121	23
1240	1241	1
1240	1244	1
216	9	20
216	22	19
216	218	14
1526	1527	1
1490	112	23
1367	102	23
1367	1368	1
1367	1371	4
2680	2683	5
1811	102	23
1811	1812	5
2922	2923	13
2922	2924	13
2922	2925	13
2213	2216	4
3844	3845	14
813	814	1
813	815	1
813	816	1
813	817	12
3883	3884	16
3883	3885	16
1636	107	22
1636	1637	13
1750	112	23
1750	1751	10
1750	1752	14
1750	1753	4
1750	1754	4
974	975	16
3093	3094	5
3093	3095	5
1631	112	22
4435	4438	16
1219	14	20
1219	81	19
1219	112	22
1219	1220	14
1219	1221	14
1219	1222	16
2384	2385	1
4358	4354	1
4358	4357	1
4313	4314	16
4282	4283	5
3724	3725	14
3724	3726	16
3724	3727	13
3724	3728	16
3577	3578	4
3577	3579	4
3518	3519	1
3518	3520	16
3518	3521	16
3518	3522	16
3350	3351	3
2630	2631	14
2630	2634	16
2110	2111	3
1533	1534	1
1211	13	19
1211	14	19
1211	82	20
1211	1212	16
1091	1092	11
90	2	24
90	87	24
3384	3385	16
3384	3386	6
1668	90	19
2539	2542	16
168	169	1
3028	3029	5
4329	4330	6
2926	2927	14
219	220	16
2268	2269	16
2268	2270	6
2268	2271	6
1807	8	20
2528	2530	14
2528	2532	14
625	626	16
103	27	27
2379	2380	1
4248	4249	4
4248	4251	4
2984	2985	1
2984	2986	16
2984	2987	1
4026	4027	14
3677	3678	13
3677	3679	16
3677	3680	1
4238	4240	16
2203	2204	16
4478	4479	5
967	964	11
967	965	4
1548	13	20
3951	3952	5
3951	3953	5
3951	3954	5
1820	1821	16
1820	1822	1
1827	112	23
4410	4411	16
4410	4412	16
4410	4413	16
4031	4034	16
3832	3833	14
3643	3644	16
3377	3378	16
3269	3270	16
3269	3271	16
3269	3272	16
2693	2694	16
2693	2695	16
2596	2597	5
2596	2598	10
2226	2227	16
2226	2228	16
1815	6	20
1815	102	23
1815	112	22
1815	1817	15
1620	1621	16
1024	1025	6
1024	1026	6
510	511	12
230	231	16
6	21	25
6	73	25
2243	2244	12
2243	2245	12
2243	2246	12
2243	2247	14
3526	3527	6
3526	3528	6
1771	13	19
1771	102	22
1771	112	23
773	769	1
864	90	20
4247	4248	4
4247	4249	4
4247	4251	4
1809	102	23
1809	1810	5
3955	3956	5
3955	3957	5
487	488	6
97	32	26
1090	1092	9
919	27	19
2387	2388	14
2387	2389	16
3602	3603	16
2808	2810	16
2808	2811	16
2659	2660	1
4408	4409	14
1689	1690	14
2786	2787	14
2786	2788	1
1273	94	20
1273	105	23
1273	1272	3
1273	1274	4
1416	112	23
1416	1419	4
4253	4254	16
4253	4255	16
4253	4256	16
4223	4224	16
3865	3866	16
2992	2993	10
2956	2957	13
2956	2958	13
2956	2959	13
2956	2960	13
2759	2760	1
2759	2761	6
2759	2762	16
2259	2262	14
2059	2061	3
2048	2049	14
1848	1849	1
1724	14	20
1724	100	21
1724	1725	5
1653	14	20
1470	13	20
1470	1471	12
806	805	3
352	353	16
352	354	16
352	355	16
352	356	16
3169	3170	16
3196	3197	16
1098	1099	5
3297	3298	1
1046	1047	16
4088	4089	5
534	535	5
863	17	19
863	95	19
863	864	1
863	865	3
863	866	13
863	867	5
1949	1950	16
2151	2152	15
4112	4114	1
824	26	19
824	30	20
824	112	23
655	656	10
1306	1309	0
1804	105	23
1776	112	22
4328	4329	6
4328	4330	6
3599	3600	4
3599	3601	4
3593	3594	3
3593	3595	5
3593	3596	1
2726	2725	10
2108	2109	10
2108	2110	10
2108	2111	3
1528	1529	1
1528	1530	16
1431	8	20
1431	120	23
745	746	0
745	747	0
630	631	16
630	632	10
141	142	16
141	144	16
1169	1170	4
1179	8	19
1179	116	23
1179	1180	10
1179	1181	16
1156	1157	1
1840	1841	4
1840	1842	1
1840	1843	5
2283	2284	16
2283	2285	16
2283	2286	16
2007	2008	3
2162	2163	10
2088	2090	1
3829	3830	16
3829	3831	14
2835	2836	14
402	403	16
4406	4407	14
4406	4408	14
4406	4409	14
2016	2017	14
2016	2018	14
4165	4166	5
4165	4167	5
4165	4168	5
3612	3613	16
3612	3614	16
3612	3615	16
3221	3222	16
3221	3223	1
1723	14	20
1723	100	21
1723	1725	5
1464	13	19
988	989	14
845	27	19
845	112	23
845	846	16
845	847	16
493	494	14
493	495	14
493	496	14
4235	4236	14
4235	4237	16
79	16	26
3497	3498	14
3497	3499	3
3497	3501	3
3778	3779	10
692	694	1
3664	3665	16
3664	3666	5
3078	3079	4
211	112	22
903	112	23
903	904	1
4267	4268	3
1073	1074	10
1863	1864	10
3047	3048	1
3810	3813	5
3712	3713	13
2360	2361	3
2360	2362	14
2360	2363	14
2360	2364	14
2222	2223	16
2147	2148	3
2147	2150	5
2142	2143	3
1993	1994	1
1991	1992	16
1991	1994	16
1655	1656	1
1655	1657	16
1655	1658	6
1655	1659	10
721	722	10
471	472	4
471	473	4
403	404	1
736	737	5
878	25	19
878	879	16
878	880	16
3166	3168	5
3043	3044	16
1135	1136	14
1733	112	23
1733	1734	1
4149	4150	16
705	706	5
2798	2799	16
1434	8	20
1434	10	19
1635	65	20
1635	1637	13
1694	14	20
1694	1698	14
1674	14	20
2771	2772	4
2771	2773	4
2771	2774	4
2771	2775	4
1845	1846	16
2453	2454	6
1258	102	23
1258	1260	5
3151	3152	3
4133	4134	4
3965	3966	16
3498	3499	14
2915	2913	5
1687	112	22
1435	32	19
1435	112	23
1435	1436	14
1405	73	19
764	765	14
764	766	5
764	767	4
764	768	4
104	6	27
104	73	27
4355	4356	6
3709	3707	6
2257	2258	16
2664	2665	16
1482	1483	1
760	761	5
3658	3659	14
3658	3660	14
3224	3225	16
3224	3226	14
3224	3228	14
100	14	27
3856	3857	16
4487	4488	1
4284	4285	14
4284	4286	14
2883	2884	5
2854	2855	16
2097	2098	6
1594	1595	16
920	1699	16
920	1702	16
391	392	16
391	393	16
375	376	4
375	377	4
234	235	16
234	236	14
374	375	4
374	376	4
374	377	4
1194	23	20
1194	116	23
1194	1195	16
3652	3653	14
3652	3654	5
1355	112	23
1355	1356	14
1813	6	20
1813	102	23
1813	112	22
1813	1815	15
1813	1817	15
2332	2331	5
3640	3641	16
3640	3642	16
3640	3643	16
3640	3644	16
2524	2526	16
1216	14	19
1216	115	22
1216	1217	5
1216	1219	1
1338	112	23
1338	1337	1
1338	1339	10
1338	1342	1
2215	2216	6
4108	4109	13
3863	3865	16
3863	3866	16
2648	2650	4
404	405	12
1753	112	23
1753	1754	4
1568	1570	14
2070	2072	4
4424	4425	5
4411	4412	16
4411	4413	16
4249	4251	4
3562	3563	3
3020	3021	14
1447	81	20
1447	112	22
1447	1448	4
1447	1449	4
1360	6	20
1360	102	23
1360	112	22
1360	1361	4
1359	112	23
1286	103	23
810	811	5
633	634	13
633	635	13
633	636	13
245	246	11
4388	4389	16
670	671	16
3370	3371	2
205	90	19
490	491	10
3070	3071	10
3621	3622	16
3621	3623	1
3621	3624	1
329	330	10
329	331	1
3705	3706	16
3705	3707	6
3855	3856	1
3855	3857	1
146	83	20
146	147	10
146	150	3
1332	106	23
1332	1336	10
3947	3950	6
960	961	5
960	962	14
960	963	10
2174	2175	5
244	245	14
244	246	14
1510	6	19
1510	112	23
1510	1511	3
4024	4025	6
3439	3440	6
3439	3441	6
3396	3398	16
3396	3399	1
3170	3171	10
3170	3172	4
3158	3159	12
3158	3160	1
3158	3161	1
3158	3162	1
3008	3007	3
3008	3009	16
2860	2861	1
2860	2862	10
2651	2652	14
2651	2653	14
2176	2177	13
1805	105	23
1805	1806	16
1805	1807	14
1763	112	23
1763	1764	1
1727	14	20
1727	100	21
1523	1524	16
1489	112	23
1489	1490	4
985	986	10
941	942	3
483	484	1
480	481	1
3358	3359	1
3337	3339	16
4021	4022	3
3374	3375	16
1327	112	23
1327	1328	9
4046	4045	1
777	778	16
777	779	10
1247	1249	6
1791	112	23
1571	1572	4
1571	1573	4
1571	1574	4
1571	1575	4
3311	3312	6
2160	2161	16
334	336	1
4178	4179	6
3613	3614	13
3609	3610	16
2946	2947	5
2946	2948	5
2776	2777	5
2197	2198	14
2197	2199	14
2197	2200	14
2197	2201	10
2188	2189	16
2188	2190	16
2188	2191	16
1910	1911	16
1700	1701	16
1663	112	23
1663	1664	3
2828	2829	4
1604	8	19
1604	112	23
1604	1605	16
1604	1606	16
1604	1608	1
1202	13	19
1202	14	20
1202	112	23
1202	1203	14
544	545	14
477	478	16
273	274	16
273	275	16
217	218	10
1241	13	20
1241	14	20
1241	100	23
2530	2531	14
2530	2532	14
3516	3517	5
621	622	14
621	623	16
890	891	14
1276	90	19
1276	112	23
1276	114	23
1276	1278	1
194	6	20
194	104	23
194	195	14
1303	1304	14
256	257	14
3058	3059	5
3058	3060	5
2417	2418	16
1214	22	19
1214	1215	4
1214	1216	4
4219	4220	1
124	6	27
124	14	27
2964	2965	16
2964	2966	16
2964	2967	16
4385	4386	5
4137	4139	16
4054	4055	4
3925	3926	16
3523	3524	3
3523	3525	6
3248	3250	14
2866	2867	1
2745	2746	14
2745	2747	14
2317	2318	1
2317	2319	1
2317	2320	1
2317	2321	13
1678	107	22
1666	14	20
1666	1669	16
1385	112	22
1385	1386	16
1260	102	23
1094	1095	13
1094	1096	16
1006	1007	5
1493	112	22
1493	116	23
2497	2499	16
3321	3322	4
657	656	11
1792	13	19
627	628	16
627	629	16
1020	1021	16
1020	1023	10
379	381	1
4347	4348	16
585	586	10
895	95	19
895	896	16
86	1	24
86	18	24
3128	3129	12
783	784	11
3904	3905	3
3904	3906	5
3904	3908	5
3333	3334	14
2626	2627	5
2592	2594	3
1455	8	20
1455	120	23
1448	1449	4
1448	1450	4
899	32	20
569	570	1
569	573	5
357	358	13
357	359	14
184	183	1
114	76	27
3476	3477	14
3476	3478	14
1714	1715	4
317	318	16
263	120	23
2438	2439	5
2438	2440	5
830	18	19
830	831	1
1499	1500	1
1319	1320	14
2555	2556	16
3425	3426	0
3427	3428	5
3427	3429	5
3427	3430	5
3427	3431	5
482	479	3
482	480	3
1634	1637	13
4132	4131	4
4132	4133	4
4132	4134	4
142	143	15
142	145	15
142	146	15
3927	3928	16
3927	3929	16
3927	3930	16
3927	3931	16
383	384	14
4157	4158	1
4157	4160	3
4157	4161	1
4075	4076	4
4075	4077	4
4075	4078	4
3081	3080	0
2365	2366	16
2365	2367	16
2356	2357	5
2272	2273	1
2272	2274	1
2272	2275	1
2272	2276	1
1997	2000	10
1812	102	23
1782	1783	1
1782	1784	16
1782	1785	16
1782	1786	15
1778	119	23
1778	1780	16
1660	124	23
1660	1661	16
1660	1662	5
1508	8	19
1508	23	19
1508	112	22
1299	13	19
1299	112	22
1299	116	23
1287	6	20
1287	102	23
1287	1288	16
1189	8	20
1189	14	19
1189	112	22
1189	116	23
1189	1190	16
1189	1191	4
1189	1192	4
661	662	1
607	608	16
188	105	23
188	189	5
3076	3077	16
3768	3770	16
3768	3771	16
3768	3772	15
201	22	20
201	112	23
201	202	16
201	203	14
1180	69	19
1180	112	22
1180	1181	10
1269	13	19
1269	105	23
1269	112	22
1269	1271	1
2902	2904	3
1747	1749	6
904	112	22
4471	4472	14
4427	4428	14
4228	4231	5
3963	3964	5
3575	3576	1
3575	3577	4
3575	3578	4
3575	3579	4
3245	3246	5
1372	6	20
1372	105	23
1372	1374	5
1372	1376	5
1350	1351	3
1011	1012	16
3971	3973	4
3971	3974	5
3715	3716	14
3715	3717	5
3715	3718	5
1409	1410	3
1409	1412	14
979	982	10
624	625	16
624	626	16
1677	65	19
1677	1678	16
3702	3704	1
774	775	16
3318	3320	1
2287	2288	10
2087	2088	14
2087	2089	4
2087	2091	5
966	967	10
2919	2920	16
1133	1134	16
209	112	22
1086	1089	10
4279	4280	14
4279	4281	5
4279	4282	5
4279	4283	5
3828	3829	16
3828	3830	16
3828	3831	14
3202	3203	3
3202	3204	6
3202	3205	6
3202	3206	6
3051	3052	5
2823	2824	14
2823	2825	16
2614	2615	14
2443	2444	6
2443	2445	6
2443	2446	6
2443	2447	6
2065	2068	15
2034	2035	10
2034	2036	5
2034	2037	14
1796	112	23
1796	1798	1
1796	1799	1
1676	1677	16
1676	1678	16
1252	14	20
1252	119	23
1252	1253	4
1252	1254	4
1252	1255	4
883	94	19
883	884	10
94	25	25
3013	3014	16
1732	112	22
1732	1735	16
1365	112	23
1365	1362	3
1365	1366	3
4380	4381	6
4380	4382	6
4380	4383	6
4380	4384	6
3443	3444	16
2382	2383	16
2294	2295	1
2294	2296	1
2294	2297	1
2294	2298	1
2821	2822	16
107	22	27
4028	4030	14
3851	3852	4
3805	3806	14
3805	3808	16
3648	3649	5
3532	3533	14
3276	3277	12
3074	3075	11
3014	3015	16
2377	2378	3
2377	2379	4
2377	2380	1
2217	2218	1
2217	2219	10
2133	2135	5
1573	1574	4
1573	1575	4
1336	14	20
1336	100	23
1336	106	22
1336	1337	5
1129	1130	16
1118	1120	6
1050	1051	5
887	22	19
292	293	10
225	112	23
225	227	14
3153	3154	16
3153	3155	16
423	426	16
4207	4208	14
4207	4209	14
1874	1875	1
1874	1876	1
1874	1877	1
1874	1878	1
361	362	10
496	497	12
1828	102	23
1828	1829	16
1828	1830	14
1828	1831	14
1828	1832	14
1001	1004	11
4337	4339	14
2013	2014	16
3862	1461	1
3459	3460	14
3459	3461	1
3193	3194	5
3139	3140	16
3139	3141	14
2880	2881	14
2880	2882	14
2462	2463	5
2164	2165	10
1348	103	23
1309	1307	1
1309	1310	10
1207	1209	16
1163	1165	1
731	732	14
731	733	16
4370	4371	4
3841	3842	5
872	94	19
872	870	3
1399	1400	16
1399	1401	16
25	27	26
4394	4395	3
2343	2344	5
1664	102	23
1664	112	22
3792	3793	12
3792	3794	12
3792	3795	14
2836	2837	4
2836	2838	4
1441	112	23
4390	4391	14
235	237	8
1053	1052	1
3373	3375	16
3373	3376	16
3016	3017	13
2712	2713	5
2702	2703	10
2702	2704	5
2641	2642	4
2641	2643	4
2641	2644	4
2584	2585	1
2513	2514	13
2513	2515	13
2513	2516	13
2513	2517	6
2144	2145	16
2144	2146	14
1981	1979	3
1981	1982	3
1981	1983	3
1444	112	23
1352	1353	3
1283	1284	14
1283	1285	1
1019	1020	16
1019	1021	15
1019	1023	10
838	6	20
838	32	20
838	112	22
838	839	3
574	575	14
439	436	13
131	90	20
131	132	6
2793	2794	1
4407	4408	14
4407	4409	14
3001	3003	5
866	867	16
2093	2095	15
2234	2235	16
1326	112	23
1326	1327	9
1326	1328	5
1326	1330	13
719	720	16
1466	1468	14
1257	112	23
1257	1259	16
1893	1891	13
2603	2604	15
2603	2605	14
2603	2606	14
1421	81	19
1421	112	23
1421	1422	3
1421	1425	1
4002	4003	16
4002	4004	1
3961	3962	4
3756	3757	3
3568	3569	4
2996	2997	16
2996	2998	16
2731	2732	16
2731	2733	16
2731	2734	16
2647	2648	4
2647	2650	4
2577	2578	16
2430	2431	14
2430	2432	14
2430	2433	14
1945	1946	16
1945	1947	16
1945	1948	16
1647	14	20
1647	100	23
1647	1648	5
1647	1649	5
1583	37	20
1578	13	20
1454	14	20
1442	112	23
1442	1444	16
1442	1445	16
1301	102	23
1301	112	22
1301	1302	16
1301	1303	14
1301	1304	5
1195	14	20
1075	1076	4
1012	1013	16
944	945	16
756	757	5
332	333	14
332	335	14
158	159	16
154	92	19
154	155	3
3725	3726	14
3725	3727	14
3725	3728	16
2109	2110	10
2109	2111	3
489	490	1
489	492	15
894	895	16
894	896	16
2986	2987	1
324	325	4
3343	3344	1
1954	1957	14
1271	13	20
1271	105	23
3555	3556	6
3555	3557	6
3452	3453	14
2997	2998	16
